1 7
6 12
7 13
12 18
13 19
18 24
19 25
24 30
25 31
30 36
31 37
36 42
37 43
42 48
43 49
48 54
49 55
54 60
55 61
60 66
61 67
66 72
1 2
67 68
2 3
68 69
3 4
69 70
4 5
70 71
5 6
71 72
2 8
4 10
5 11
8 9
8 14
9 10
9 15
10 11
10 16
11 12
13 14
14 15
14 20
15 21
16 17
16 22
17 18
19 20
20 21
20 26
22 28
23 24
23 29
25 26
26 27
26 32
27 28
27 33
28 29
28 34
29 30
31 32
32 33
33 39
34 35
34 40
35 41
37 38
38 44
39 40
39 45
40 41
40 46
41 42
41 47
43 44
45 46
45 51
46 47
46 52
47 48
50 51
50 56
51 52
51 57
52 53
52 58
53 54
53 59
55 56
56 57
56 62
57 58
57 63
58 59
58 64
59 65
62 63
64 70
65 66
65 71
